10368
4706
1815
4710
4713
9
374291
4985
4709
8698
4708
7277
929
4705
3082
4711
9568
347733
51103
3064
27092
2906
4722
10382
2892
2983
2891
4717
4986
4704
4716
5141
4726
54539
4715
10280
4718
2893
6326
2890
776
3362
2905
2982
91942
4724
4714
10369
784
7846
84790
4701
27091
43
6870
3643
1816
2820
3350
84617
783
4723
25915
4729
1812
53637
55967
4707
5142
2903
8912
10376
4697
10383
11255
2100
5144
6334
5143
4698
781
8913
6258
6536
1813
779
777
4720
1141
3570
29078
1268
1137
774
4694
2902
4725
4702
3356
4712
203068
782
2912
8911
152
126328
6336
4719
4988
9254
4700
51079
785
9294
